2050
1574855027
8160
8165
8168
8158
8153
8151
8154
8154
8152
8152
8152
8145
8142
8145
8152
8151
8152
8146
8139
8140
8137
8143
8143
8145
8144
8139
8148
8146
8154
8155
8152
8158
8156
8161
8162
8162
8162
8161
8166
8172
8169
8163
8167
8172
8176
8182
8182
8176
8175
8173
8177
8178
8184
8179
8186
8180
8178
8180
8179
8188
8188
8186
8173
8170
8170
8178
8181
8176
8166
8169
8170
8170
8176
8174
8174
8167
8164
8164
8167
8172
8169
8164
8161
8154
8150
8154
8152
8157
8158
8152
8151
8143
8146
8146
8152
8156
8152
8152
8146
8149
8148
8152
8152
8152
8154
8150
8148
8152
8153
8154
8158
8162
8160
8162
8160
8170
8170
8173
8168
8169
8166
8170
8165
8173
8175
8174
8173
8176
8177
8174
8178
8178
8176
8178
8177
8170
8171
8172
8174
8174
8172
8174
8177
8177
8177
8181
8177
8173
8169
8164
8169
8171
8170
8165
8157
8156
8156
8161
8156
8157
8156
8151
8145
8146
8145
8144
8142
8146
8144
8142
8140
8140
8141
8142
8144
8138
8141
8145
8140
8148
8147
8148
8144
8150
8146
8148
8154
8152
8148
8152
8150
8154
8157
8154
8162
8156
8158
8170
8163
8162
8166
8162
8162
8170
8164
8169
8164
8166
8166
8169
8162
8173
8170
8174
8174
8176
8178
8174
8178
8173
8174
8175
8178
8173
8174
8170
8170
8169
8173
8167
8167
8166
8163
8164
8159
8160
8160
8160
8164
8159
8157
8156
8153
8151
8153
8152
8148
8148
8150
8151
8150
8153
8144
8146
8151
8146
8147
8152
8146
8151
8152
8154
8158
8155
8152
8154
8153
8158
8160
8165
8173
8163
8168
8166
8165
8164
8166
8168
8164
8168
8169
8170
8170
8172
8176
8174
8179
8175
8176
8173
8180
8174
8179
8178
8176
8180
8183
8184
8173
8178
8173
8178
8178
8175
8170
8173
8172
8170
8175
8174
8174
8166
8168
8168
8164
8158
8168
8166
8163
8165
8160
8160
8161
8162
8154
8157
8157
8158
8154
8157
8156
8157
8160
8154
8158
8157
8157
8156
8153
8154
8158
8161
8152
8154
8158
8158
8154
8161
8158
8159
8162
8162
8158
8159
8161
8158
8161
8167
8162
8166
8165
8164
8162
8168
8161
8164
8165
8164
8172
8166
8166
8169
8173
8170
8173
8170
8167
8170
8167
8169
8170
8170
8166
8168
8168
8169
8170
8168
8169
8166
8169
8163
8162
8164
8164
8159
8163
8164
8165
8162
8157
8164
8160
8166
8162
8158
8159
8152
8159
8159
8157
8154
8157
8154
8153
8155
8153
8152
8160
8152
8160
8151
8154
8152
8151
8156
8156
8156
8154
8152
8154
8156
8158
8162
8158
8162
8164
8166
8161
8163
8165
8168
8166
8165
8162
8165
8165
8166
8162
8164
8165
8170
8169
8169
8170
8170
8172
8171
8170
8170
8167
8167
8167
8164
8165
8168
8166
8164
8166
8164
8168
8167
8164
8163
8162
8166
8162
8166
8163
8160
8166
8166
8159
8158
8161
8162
8162
8158
8158
8159
8158
8156
8157
8159
8154
8158
8158
8156
8152
8156
8158
8160
8160
8155
8156
8154
8160
8161
8159
8161
8162
8156
8160
8157
8161
8156
8163
8162
8164
8159
8160
8166
8164
8172
8161
8166
8166
8172
8167
8167
8162
8165
8164
8166
8166
8163
8161
8164
8163
8170
8168
8169
8157
8166
8159
8162
8162
8166
8162
8160
8162
8158
8161
8160
8158
8160
8159
8164
8158
8156
8157
8154
8157
8154
8158
8157
8152
8158
8152
8158
8156
8157
8152
8156
8156
8154
8158
8158
8157
8159
8152
8155
8156
8156
8158
8158
8158
8158
8159
8161
8156
8156
8156
8162
8163
8162
8161
8159
8161
8160
8160
8161
8162
8158
8162
8160
8160
8161
8160
8161
8162
8165
8158
8161
8162
8162
8163
8157
8162
8157
8159
8159
8157
8157
8160
8158
8164
8158
8158
8159
8161
8158
8161
8160
8158
8157
8160
8156
8155
8156
8147
8156
8153
8151
8160
8157
8157
8158
8154
8154
8157
8158
8160
8154
8154
8154
8156
8158
8157
8158
8161
8157
8160
8160
8154
8158
8154
8160
8159
8161
8158
8161
8158
8160
8160
8162
8159
8158
8164
8162
8158
8155
8158
8157
8160
8160
8155
8159
8152
8160
8157
8158
8154
8145
8145
8149
8150
8166
8165
8162
8159
8161
8160
8161
8162
8160
8159
8159
8159
8162
8156
8158
8158
8154
8160
8160
8160
8157
8162
8160
8160
8163
8162
8162
8158
8158
8159
8162
8162
8160
8163
8158
8163
8165
8162
8159
8154
8161
8158
8162
8162
8167
8164
8164
8158
8163
8161
8164
8162
8162
8164
8156
8165
8162
8164
8158
8165
8165
8160
8166
8160
8167
8160
8161
8162
8158
8160
8163
8162
8166
8162
8164
8166
8160
8165
8160
8164
8162
8162
8166
8162
8163
8167
8161
8164
8165
8166
8165
8162
8160
8163
8162
8161
8164
8162
8157
8160
8162
8165
8162
8163
8164
8164
8165
8163
8166
8168
8160
8162
8160
8162
8167
8162
8160
8162
8164
8165
8163
8170
8160
8165
8162
8165
8160
8167
8168
8167
8166
8167
8172
8163
8165
8164
8163
8166
8170
8166
8162
8168
8170
8164
8167
8165
8164
8168
8170
8170
8168
8162
8164
8164
8162
8160
8166
8162
8170
8163
8166
8163
8162
8162
8164
8161
8159
8163
8162
8162
8160
8160
8162
8162
8161
8161
8163
8162
8162
8160
8161
8158
8165
8159
8161
8161
8161
8158
8166
8166
8163
8160
8162
8165
8164
8161
8163
8167
8160
8164
8158
8164
8171
8161
8165
8163
8164
8158
8163
8161
8164
8160
8162
8161
8162
8158
8163
8166
8166
8164
8168
8160
8159
8166
8162
8165
8162
8158
8162
8162
8160
8160
8160
8162
8164
8160
8159
8164
8162
8160
8156
8160
8160
8160
8160
8163
8160
8159
8161
8161
8163
8157
8158
8162
8160
8157
8155
8162
8161
8163
8162
8158
8158
8162
8161
8157
8159
8162
8162
8161
8164
8161
8164
8161
8164
8162
8162
8165
8165
8165
8169
8168
8165
8162
8163
8162
8159
8162
8165
8162
8166
8162
8162
8164
8163
8164
8161
8163
8160
8168
8167
8161
8163
8163
8164
8162
8163
8163
8167
8164
8160
8163
8162
8163
8164
8162
8163
8163
8167
8162
8164
8164
8166
8156
8164
8162
8162
8158
8162
8165
8162
8160
8162
8159
8162
8165
8167
8163
8162
8166
8161
8161
8162
8162
8162
8162
8162
8160
8162
8164
8162
8168
8163
8162
8161
8162
8162
8160
8161
8166
8161
8165
8166
8167
8162
8164
8164
8162
8168
8164
8168
8170
8166
8164
8167
8166
8169
8167
8165
8162
8165
8166
8166
8164
8166
8165
8166
8166
8169
8167
8166
8163
8158
8162
8167
8166
8162
8164
8163
8161
8162
8160
8163
8167
8167
8170
8166
8176
8174
8176
8175
8172
8168
8166
8168
8162
8157
8145
8118
8109
8103
8098
8138
8155
8164
8172
8146
8147
8164
8181
8216
8220
8224
8219
8185
8181
8162
8159
8184
8170
8177
8156
8138
8130
8131
8154
8172
8168
8167
8150
8138
8147
8145
8159
8154
8150
8149
8140
8147
8155
8163
8176
8178
8177
8181
8180
8186
8192
8197
8194
8181
8170
8160
8160
8160
8157
8157
8154
8150
8151
8149
8154
8158
8160
8164
8166
8164
8160
8166
8161
8164
8155
8160
8161
8151
8157
8156
8151
8160
8159
8168
8168
8170
8173
8178
8174
8170
8170
8177
8167
8169
8162
8158
8160
8156
8160
8156
8152
8152
8149
8153
8150
8156
8157
8164
8172
8178
8180
8176
8182
8179
8180
8182
8184
8177
8169
8158
8123
8098
8092
8101
8130
8154
8154
8141
8115
8120
8178
8230
8249
8251
8218
8194
8194
8210
8224
8218
8204
8160
8132
8125
8124
8134
8144
8143
8134
8117
8114
8122
8142
8167
8169
8155
8145
8133
8142
8154
8167
8177
8170
8167
8162
8172
8176
8185
8193
8194
8189
8179
8170
8169
8165
8169
8168
8166
8158
8151
8144
8148
8154
8157
8156
8152
8152
8149
8141
8141
8143
8150
8152
8151
8156
8161
8164
8173
8182
8189
8184
8184
8177
8175
8176
8173
8167
8164
8160
8157
8148
8154
8152
8151
8157
8160
8164
8162
8159
8167
8169
8170
8163
8158
8159
8150
8146
8150
8148
8154
8160
8159
8165
8164
8170
8174
8176
8178
8177
8177
8168
8169
8167
8162
8153
8148
8144
8141
8146
8155
8162
8165
8167
8169
8168
8170
8178
8175
8170
8158
8151
8142
8140
8144
8149
8154
8156
8154
8157
8162
8172
8182
8184
8186
8181
8172
8170
8165
8163
8158
8158
8154
8152
8155
8158
8157
8162
8164
8170
8169
8170
8166
8170
8162
8164
8165
8162
8162
8160
8162
8167
8165
8170
8170
8169
8170
8169
8169
8168
8167
8168
8164
8166
8169
8164
8167
8166
8166
8164
8165
8164
8168
8167
8169
8169
8164
8164
8160
8162
8155
8158
8158
8164
8162
8166
8166
8171
8170
8166
8167
8169
8173
8170
8162
8159
8158
8158
8158
8155
8157
8163
8162
8162
8160
8169
8164
8166
8170
8167
8170
8166
8162
8162
8156
8160
8160
8162
8162
8161
8160
8165
8166
8168
8171
8166
8170
8172
8170
8169
8167
8164
8166
8167
8162
8168
8166
8166
8167
8171
8169
8170
8165
8168
8170
8167
8166
8161
8166
8166
8163
8162
8167
8163
8166
8171
8164
8163
8169
8163
8166
8161
8162
8163
8160
8157
8165
8162
8163
8166
8166
8161
8167
8166
8164
8169
8165
8158
8162
8158
8160
8162
8167
8156
8165
8162
8161
8158
8160
8162
8163
8165
8168
8166
8163
8160
8160
8167
8162
8162
8164
8153
8159
8166
8163
8166
8173
8169
8166
8159
8161
8164
8167
8166
8163
8164
8162
8162
8158
8164
8162
8168
8168
8165
8166
8158
8166
8169
8170
8175
8165
8164
8158
8167
8167
8165
8164
8159
8164
8165
8169
8168
8164
8168
8166
8165
8155
8161
8159
8160
8164
8163
8160
8158
8159
8162
8160
8167
8162
8167
8162
8161
8158
8164
8166
8165
8164
8161
8159
8160
8162
8164
8165
8165
8166
8162
8162
8161
8162
8159
8161
8159
8160
8162
8162
8164
8167
8158
8157
8154
8164
8165
8164
8166
8156
8159
8161
8164
8166
8161
8163
8166
8166
8165
8170
8169
8162
8168
8161
8163
8165
8166
8162
8163
8165
8166
8165
8162
8162
8165
8162
8163
8162
8162
8164
8160
8165
8162
8162
8163
8167
8164
8164
8163
8163
8169
8160
8164
8158
8161
8165
8166
8162
8170
8162
8162
8159
8161
8161
8160
8161
8165
8163
8162
8164
8160
8165
8168
8168
8167
8160
8160
8165
8165
8161
8163
8166
8162
8163
8164
8166
8164
8164
8162
8160
8162
8163
8167
8162
8166
8167
8165
8161
8164
8165
8166
8159
8162
8162
8162
8170
8170
8165
8163
8164
8164
8162
8161
8162
8165
8165
8164
8165
8165
8165
8162
8159
8164
8166
8162
8165
8165
8167
8161
8162
8170
8166
8158
8166
8162
8162
8166
8162
8161
8165
8161
8162
8162
8165
8162
8169
8162
8163
8167
8164
8162
8162
8163
8164
8164
8167
8165
8166
8167
8164
8167
8167
8166
8162
8165
8168
8162
8160
8161
8166
8165
8168
8164
8169
8162
8162
8164
8165
8162
8166
8165
8164
8167
8169
8167
8162
8163
8168
8166
8169
8169
8168
8162
8163
8168
8163
8166
8164
8162
8164
8162
8167
8162
8162
8163
8165
8162
8163
8162
8165
8167
8161
8162
8164
8162
8161
8163
8162
8164
8171
8162
8164
8164
8168
8164
8164
8166
8161
8160
8160
8165
8161
8165
8167
8162
8160
8162
8162
8162
8165
8161
8161
8157
8159
8161
8161
8163
8164
8166
8162
8162
8162
8160
8162
8160
8158
8163
8162
8163
8166
8164
8160
8157
8157
8161
8161
8161
8162
8164
8161
8163
8164
8159
8167
8159
8159
8159
8157
8165
8163
8166
8162
8162
8158
8162
8164
8164
8167
8161
8161
8160
8161
8162
8166
8161
8159
8164
8161
8163
8162
8161
8162
8160
8166
8161
8164
8163
8164
8161
8166
8159
8162
8159
8163
8158
8161
8162
8162
8165
8165
8161
8162
8161
8165
8159
8160
8161
8161
8164
8161
8161
8162
8157
8163
8158
8154
8158
8158
8162
8160
8160
8162
8162
8160
8160
8161
8161
8162
8161
8164
8160
8161
8160
8165
8159
8163
8164
8164
8159
8164
8160
8161
8164
8162
8161
8164
8162
8164
8162
8161
8161
8160
8158
8162
8166
8162
8159
8166
8162
8160
8163
8160
8162
8161
8158
8159
8164
8161
8160
8163
8161
8162
8163
8158
8160
8162
8162
8165
8165
8164
8163
8162
