2050
1574855027
8234
8236
8236
8236
8239
8239
8240
8236
8237
8241
8241
8244
8237
8234
8237
8238
8238
8235
8229
8228
8234
8237
8234
8227
8230
8231
8232
8225
8225
8220
8224
8223
8220
8222
8218
8218
8217
8221
8220
8218
8218
8217
8217
8214
8216
8221
8220
8217
8216
8218
8216
8221
8219
8215
8218
8219
8220
8224
8221
8222
8224
8224
8223
8223
8227
8230
8236
8230
8229
8230
8234
8234
8235
8236
8234
8237
8237
8239
8239
8241
8242
8240
8240
8238
8242
8242
8243
8239
8239
8239
8239
8240
8237
8233
8233
8238
8237
8234
8229
8230
8226
8234
8233
8228
8230
8227
8224
8222
8225
8221
8219
8219
8223
8219
8219
8217
8214
8216
8214
8212
8216
8213
8213
8215
8214
8211
8215
8217
8212
8219
8216
8215
8218
8218
8221
8221
8219
8223
8221
8223
8225
8227
8229
8227
8226
8229
8234
8233
8235
8234
8229
8231
8235
8238
8235
8235
8235
8239
8239
8239
8240
8239
8238
8240
8240
8237
8238
8238
8239
8238
8236
8237
8235
8234
8236
8230
8232
8230
8230
8230
8228
8225
8230
8224
8226
8227
8227
8224
8222
8220
8219
8219
8219
8218
8215
8212
8215
8220
8215
8216
8213
8213
8217
8213
8217
8216
8214
8217
8218
8217
8220
8218
8220
8221
8224
8222
8223
8223
8227
8228
8227
8231
8228
8228
8230
8229
8232
8231
8231
8231
8231
8234
8236
8237
8237
8236
8237
8237
8237
8237
8237
8236
8236
8238
8232
8234
8237
8237
8237
8234
8234
8233
8233
8232
8233
8233
8228
8230
8231
8227
8227
8228
8227
8223
8226
8225
8223
8226
8225
8221
8219
8219
8220
8221
8220
8219
8219
8221
8218
8219
8217
8222
8218
8219
8220
8217
8218
8219
8217
8221
8219
8219
8221
8221
8223
8222
8226
8227
8225
8226
8223
8229
8231
8229
8230
8228
8234
8232
8234
8231
8232
8231
8231
8236
8234
8231
8236
8236
8237
8238
8238
8234
8235
8237
8237
8237
8234
8232
8235
8233
8234
8233
8232
8234
8232
8230
8229
8228
8230
8227
8227
8228
8226
8225
8225
8223
8223
8224
8223
8225
8223
8224
8222
8223
8221
8218
8218
8222
8224
8221
8218
8219
8221
8222
8220
8219
8222
8220
8222
8223
8221
8224
8224
8222
8222
8223
8225
8226
8225
8225
8229
8229
8228
8227
8229
8226
8228
8231
8230
8231
8230
8231
8234
8231
8233
8230
8230
8232
8231
8234
8231
8231
8234
8231
8234
8234
8233
8233
8235
8233
8231
8229
8230
8232
8230
8229
8228
8228
8228
8230
8225
8230
8226
8225
8225
8228
8227
8226
8224
8224
8222
8223
8222
8225
8221
8221
8224
8224
8221
8222
8219
8219
8222
8220
8223
8222
8224
8223
8222
8225
8223
8222
8224
8224
8225
8224
8225
8228
8227
8229
8226
8229
8229
8228
8227
8229
8230
8231
8229
8233
8235
8235
8236
8233
8235
8231
8233
8229
8234
8232
8232
8232
8231
8231
8233
8231
8233
8230
8228
8231
8226
8229
8229
8230
8231
8229
8228
8228
8223
8227
8227
8226
8226
8224
8225
8226
8225
8226
8221
8222
8222
8225
8225
8223
8222
8221
8225
8223
8222
8224
8221
8223
8222
8225
8221
8225
8222
8222
8226
8224
8224
8225
8225
8225
8226
8224
8223
8224
8226
8228
8224
8228
8223
8226
8228
8230
8227
8230
8229
8230
8227
8230
8228
8230
8230
8227
8233
8229
8231
8231
8233
8230
8232
8230
8229
8227
8232
8229
8231
8232
8232
8224
8230
8231
8229
8230
8226
8228
8225
8225
8228
8226
8227
8229
8227
8225
8224
8227
8226
8228
8227
8226
8226
8226
8226
8224
8224
8223
8228
8226
8225
8226
8225
8226
8227
8226
8225
8226
8228
8226
8223
8227
8229
8228
8226
8226
8225
8227
8227
8230
8230
8230
8228
8226
8226
8229
8230
8230
8225
8229
8227
8230
8231
8230
8229
8231
8228
8227
8227
8228
8226
8228
8229
8228
8231
8229
8230
8227
8225
8228
8226
8225
8227
8227
8227
8225
8226
8228
8225
8226
8226
8225
8227
8226
8230
8230
8239
8259
8280
8310
8348
8396
8462
8543
8651
8776
8948
9205
9611
10199
10988
11962
13058
14235
15418
16383
16383
16383
16383
16383
16383
16383
16383
16383
16383
16383
16383
16383
16383
11024
11229
11312
9356
7109
6508
7734
9165
10155
9426
7990
7502
8009
8608
8705
8351
8100
8124
8294
8404
8348
8244
8206
8244
8299
8301
8270
8247
8246
8262
8270
8265
8253
8252
8251
8252
8255
8254
8252
8254
8252
8250
8250
8251
8249
8247
8250
8250
8251
8249
8247
8248
8246
8250
8245
8248
8249
8246
8244
8245
8245
8246
8244
8246
8241
8246
8244
8243
8244
8246
8245
8244
8245
8247
8244
8245
8238
8241
8243
8241
8239
8242
8240
8245
8243
8240
8238
8241
8240
8241
8238
8237
8239
8237
8238
8238
8237
8238
8239
8237
8238
8239
8239
8235
8235
8236
8237
8237
8238
8235
8237
8236
8237
8237
8235
8237
8233
8236
8239
8235
8234
8235
8236
8235
8235
8236
8237
8235
8238
8236
8234
8237
8235
8238
8237
8235
8237
8234
8236
8238
8236
8234
8235
8236
8237
8236
8236
8236
8236
8233
8237
8237
8238
8234
8236
8237
8235
8236
8239
8236
8236
8235
8237
8239
8233
8235
8237
8233
8234
8234
8238
8237
8233
8235
8234
8232
8235
8236
8233
8238
8235
8236
8233
8232
8235
8235
8232
8232
8236
8233
8233
8233
8234
8235
8234
8234
8234
8233
8233
8232
8234
8235
8231
8233
8233
8233
8232
8234
8236
8233
8232
8231
8233
8232
8233
8236
8230
8231
8235
8232
8234
8237
8232
8233
8237
8231
8233
8233
8232
8233
8237
8232
8234
8234
8235
8233
8234
8238
8235
8234
8236
8235
8236
8235
8234
8229
8231
8233
8236
8235
8236
8233
8231
8237
8235
8232
8232
8233
8234
8234
8233
8230
8234
8233
8231
8229
8231
8234
8231
8227
8232
8230
8232
8231
8233
8233
8229
8232
8229
8234
8234
8231
8232
8230
8231
8234
8230
8230
8230
8232
8231
8229
8230
8235
8235
8230
8231
8232
8235
8231
8232
8232
8229
8234
8234
8231
8234
8232
8230
8233
8232
8230
8235
8233
8233
8234
8235
8232
8232
8232
8232
8233
8233
8233
8235
8230
8233
8236
8232
8236
8231
8230
8235
8233
8233
8235
8230
8228
8233
8236
8228
8228
8228
8233
8234
8233
8237
8227
8231
8229
8228
8236
8232
8230
8233
8232
8232
8231
8230
8230
8233
8230
8232
8228
8231
8230
8227
8229
8231
8230
8231
8232
8234
8229
8232
8229
8231
8230
8229
8233
8233
8230
8231
8232
8233
8230
8233
8228
8234
8231
8232
8229
8233
8234
8231
8231
8231
8232
8233
8233
8232
8229
8235
8231
8228
8236
8237
8236
8233
8234
8234
8230
8230
8233
8231
8229
8220
8226
8226
8221
8229
8229
8229
8233
8226
8233
8238
8242
8240
8230
8236
8237
8240
8240
8230
8229
8233
8236
8235
8232
8226
8226
8229
8232
8234
8225
8231
8224
8227
8234
8231
8226
8226
8225
8226
8225
8226
8228
8229
8228
8230
8230
8235
8235
8233
8230
8233
8232
8235
8230
8230
8225
8226
8229
8232
8229
8222
8227
8231
8233
8230
8227
8230
8233
8234
8234
8230
8230
8229
8233
8233
8231
8230
8232
8231
8233
8229
8232
8233
8233
8233
8233
8232
8232
8233
8232
8228
8231
8232
8229
8231
8231
8229
8230
8229
8231
8230
8227
8229
8231
8233
8223
8228
8229
8229
8229
8232
8232
8234
8231
8231
8228
8229
8226
8222
8229
8226
8218
8212
8220
8239
8233
8223
8218
8221
8239
8250
8248
8230
8225
8235
8243
8254
8242
8225
8225
8233
8235
8236
8230
8223
8223
8228
8234
8230
8230
8225
8225
8231
8233
8228
8228
8231
8227
8227
8227
8231
8234
8232
8229
8228
8229
8234
8231
8232
8230
8230
8231
8234
8228
8229
8231
8229
8230
8230
8227
8227
8231
8231
8225
8227
8230
8230
8228
8225
8225
8227
8229
8235
8230
8228
8227
8231
8235
8233
8235
8231
8230
8236
8234
8233
8229
8227
8228
8228
8231
8229
8228
8232
8228
8230
8231
8229
8232
8230
8232
8231
8231
8230
8226
8227
8228
8228
8231
8228
8230
8229
8233
8230
8234
8232
8232
8231
8234
8232
8235
8230
8230
8229
8230
8231
8225
8226
8232
8232
8233
8231
8229
8230
8231
8233
8233
8231
8230
8226
8231
8225
8229
8229
8226
8227
8228
8230
8233
8228
8231
8230
8233
8231
8232
8232
8232
8231
8228
8230
8228
8225
8228
8227
8227
8230
8229
8230
8227
8229
8231
8229
8229
8226
8230
8230
8229
8225
8229
8227
8227
8231
8231
8232
8230
8231
8232
8231
8229
8232
8228
8230
8233
8231
8227
8233
8228
8229
8233
8235
8232
8229
8229
8232
8230
8232
8229
8227
8227
8231
8228
8228
8228
8233
8231
8232
8233
8232
8227
8231
8232
8233
8234
8231
8233
8230
8230
8231
8228
8230
8228
8230
8228
8227
8228
8232
8229
8230
8231
8228
8227
8225
8227
8229
8227
8226
8232
8227
8229
8226
8228
8228
8226
8230
8229
8231
8230
8229
8230
8229
8230
8230
8227
8227
8227
8228
8224
8226
8229
8228
8230
8231
8228
8229
8230
8229
8232
8228
8227
8227
8227
8229
8227
8232
8232
8236
8228
8228
8227
8230
8233
8228
8229
8231
8231
8230
8229
8228
8231
8229
8232
8229
8228
8226
8228
8227
8230
8228
8233
8228
8229
8229
8226
8232
8232
8230
8229
8228
8232
8232
8227
8227
8231
8232
8229
8228
8231
8227
8230
8230
8228
8227
8231
8229
8230
8228
8228
8227
8234
8228
8228
8228
8228
8231
8230
8228
8230
8230
8228
8228
8233
8224
8231
8232
8233
8227
8226
8228
8228
8232
8226
8228
8231
8229
8232
8235
8229
8226
8229
8232
8236
8229
8227
8226
8231
8235
8232
8226
8227
8229
8235
8233
8228
8226
8229
8227
8233
8231
8229
8229
8226
8234
8231
8227
8229
8229
8233
8228
8229
8228
8226
8227
8230
8228
8230
8229
8227
8229
8230
8230
8228
8227
8228
8231
8228
8227
8226
8231
8231
8231
8229
8225
8230
8229
8228
8226
8227
8232
8228
8228
8228
8227
8230
8230
8228
8230
8225
8227
8232
8229
8230
8227
8231
8232
8231
8230
8232
8230
8230
8232
8230
8227
8230
8230
8230
8228
8231
8228
8228
8230
8232
8229
8232
8228
8231
8233
8229
8231
8232
8228
8226
8227
8227
8230
8234
8230
8231
8232
8229
8229
8229
8228
8227
8230
8226
8230
8230
8228
8229
8230
8228
8228
8227
8232
8228
8229
8231
8227
8227
8227
8230
8230
8227
8230
8230
8233
8233
8231
8229
8228
8227
8228
8230
8229
8229
8228
8226
8231
8234
8228
8231
8224
8226
8229
8230
8229
8227
8229
8232
8226
8228
8228
8228
8228
8231
8229
8227
8230
8232
8232
8226
8230
8232
8233
8232
8233
8230
8227
8230
8229
8232
8226
8229
8229
8229
8230
8227
8228
8230
8232
8229
8231
8229
8231
8230
8228
8227
8228
8229
8227
8227
8233
8230
8228
8230
8229
8232
8225
8226
8231
8230
8229
8229
8233
8230
8230
8228
8234
8230
8229
8230
8231
8229
8227
8232
8228
8228
8228
8232
8229
8230
8229
8226
8230
8227
8227
8228
8230
8230
8233
8230
8228
8229
8228
8229
8231
8229
8229
8227
8231
8231
8228
8232
8230
8229
8231
8229
8230
8228
8229
8231
8231
8230
8230
8233
8229
8229
8228
8229
8228
8231
8228
8229
8231
8228
8233
8229
8229
8230
8231
8231
8230
8228
8229
8229
8232
8230
8227
8225
8229
8230
8230
8230
8228
8228
8230
8229
8233
8229
8227
8230
8227
8229
8228
8229
8229
8233
8230
8227
8229
8230
8229
8229
8227
8229
8228
8231
8230
8229
8230
8232
8231
8229
8229
8228
8228
8228
8226
8230
8230
8232
8228
8227
8232
8229
8229
8229
8227
8228
8230
8229
8230
8228
8228
8226
8227
8226
8227
8231
8227
8227
8225
8233
8231
8234
8231
8228
8229
8228
8233
8231
8230
8229
8229
8230
8228
8228
8228
8232
8230
8231
8229
8228
8231
8230
8231
8223
8229
8226
8230
8235
8230
8231
8227
8225
8228
8228
8228
8230
8232
8234
8229
8228
8229
8225
8230
8229
8232
8232
8229
8231
8227
8227
8226
8229
8228
8227
8231
8230
8227
8233
8230
8227
8228
8228
8228
8228
8231
8230
8229
8229
8229
8230
8228
8230
8226
8229
8228
8229
8227
8231
8227
8230
8226
8230
8230
8227
8226
8228
8227
8230
8230
8228
8231
8228
8230
