2050
1574855027
8200
8201
8197
8198
8198
8198
8199
8198
8203
8201
8203
8200
8200
8203
8203
8201
8200
8199
8202
8197
8199
8204
8198
8201
8201
8198
8197
8197
8197
8196
8196
8195
8195
8196
8193
8195
8197
8198
8196
8197
8196
8197
8198
8194
8194
8198
8198
8201
8194
8196
8200
8198
8195
8196
8195
8194
8197
8198
8197
8199
8200
8205
8198
8201
8201
8200
8198
8200
8203
8199
8200
8202
8201
8203
8202
8201
8202
8205
8200
8200
8201
8205
8202
8202
8201
8202
8203
8203
8204
8203
8201
8200
8199
8202
8200
8200
8198
8200
8198
8197
8199
8203
8198
8199
8196
8198
8197
8198
8196
8196
8195
8197
8197
8196
8196
8196
8196
8196
8197
8197
8194
8198
8200
8200
8194
8196
8196
8192
8192
8194
8197
8199
8196
8194
8198
8196
8199
8195
8200
8199
8197
8199
8197
8199
8199
8202
8197
8200
8200
8201
8201
8202
8202
8201
8200
8205
8205
8204
8203
8203
8202
8202
8202
8203
8203
8201
8203
8202
8199
8203
8200
8203
8203
8202
8201
8199
8199
8197
8204
8198
8197
8197
8196
8198
8197
8197
8199
8195
8195
8195
8196
8198
8198
8196
8194
8196
8195
8197
8196
8193
8197
8197
8196
8197
8196
8201
8197
8197
8197
8197
8196
8197
8197
8197
8199
8198
8196
8195
8197
8197
8198
8198
8200
8199
8197
8198
8199
8202
8202
8203
8198
8202
8203
8204
8203
8202
8201
8204
8202
8200
8203
8202
8202
8202
8203
8204
8204
8203
8202
8201
8203
8203
8200
8198
8201
8203
8201
8199
8199
8195
8200
8198
8197
8197
8195
8195
8196
8195
8195
8197
8199
8198
8193
8196
8195
8194
8195
8197
8194
8199
8197
8197
8195
8198
8196
8196
8197
8197
8202
8198
8197
8197
8201
8202
8200
8199
8199
8198
8197
8200
8197
8200
8201
8200
8200
8202
8199
8197
8201
8200
8204
8201
8199
8202
8201
8201
8201
8201
8200
8204
8204
8202
8201
8202
8201
8200
8204
8201
8199
8200
8202
8204
8202
8201
8202
8204
8200
8200
8197
8200
8199
8199
8197
8197
8198
8198
8197
8199
8198
8196
8199
8197
8194
8200
8195
8196
8198
8196
8197
8195
8196
8195
8196
8197
8194
8199
8196
8197
8195
8197
8195
8198
8195
8195
8199
8197
8197
8197
8197
8198
8198
8201
8201
8199
8198
8198
8198
8204
8200
8198
8200
8202
8203
8202
8201
8199
8202
8197
8200
8203
8200
8202
8198
8199
8198
8202
8197
8200
8197
8199
8202
8199
8200
8201
8197
8199
8200
8201
8202
8199
8198
8200
8198
8198
8199
8198
8198
8203
8201
8199
8199
8198
8195
8198
8198
8194
8198
8201
8198
8194
8194
8198
8198
8195
8197
8199
8195
8199
8195
8198
8197
8196
8199
8200
8197
8199
8196
8199
8200
8199
8198
8198
8198
8199
8201
8201
8202
8201
8198
8201
8200
8201
8201
8197
8199
8201
8197
8198
8201
8200
8200
8200
8200
8199
8200
8202
8198
8199
8201
8201
8199
8198
8197
8197
8199
8199
8198
8199
8200
8197
8199
8203
8195
8197
8198
8199
8200
8199
8197
8200
8196
8199
8196
8198
8197
8197
8198
8195
8196
8197
8199
8202
8195
8197
8196
8198
8198
8197
8197
8197
8197
8199
8201
8198
8199
8200
8195
8199
8200
8199
8198
8200
8201
8196
8200
8199
8200
8201
8198
8200
8200
8198
8198
8200
8198
8200
8199
8202
8200
8198
8201
8198
8199
8200
8201
8200
8200
8202
8198
8200
8199
8200
8198
8201
8199
8197
8198
8201
8201
8199
8197
8200
8201
8200
8196
8197
8198
8200
8197
8197
8197
8199
8196
8197
8198
8196
8196
8200
8195
8197
8196
8198
8199
8197
8197
8200
8199
8199
8199
8199
8199
8200
8198
8200
8200
8198
8198
8197
8200
8201
8197
8200
8195
8197
8201
8200
8197
8198
8197
8197
8199
8197
8199
8200
8198
8199
8197
8198
8199
8203
8197
8198
8197
8199
8202
8198
8201
8199
8200
8199
8203
8196
8200
8198
8197
8200
8199
8200
8198
8198
8199
8200
8195
8201
8202
8208
8219
8234
8255
8282
8322
8366
8420
8492
8573
8678
8821
9051
9443
9973
10629
11432
12332
13252
14159
15129
16095
16383
16383
16383
16383
16383
16383
16383
16383
16383
16383
16383
16383
16216
14572
13338
12823
13010
13162
12697
12058
11552
11376
11077
10843
10669
10508
10373
10251
10162
10090
10039
9993
9952
9914
9873
9833
9800
9761
9728
9691
9661
9629
9591
9564
9537
9504
9475
9446
9420
9392
9366
9341
9309
9288
9265
9239
9215
9191
9171
9149
9132
9105
9093
9065
9046
9026
9011
8992
8974
8955
8941
8921
8908
8893
8877
8858
8846
8830
8817
8802
8793
8777
8765
8752
8742
8730
8717
8708
8692
8682
8672
8659
8650
8642
8633
8621
8612
8603
8594
8583
8575
8566
8557
8551
8543
8535
8529
8520
8516
8507
8500
8493
8488
8476
8473
8466
8461
8456
8451
8445
8435
8432
8428
8425
8419
8412
8407
8403
8401
8394
8391
8386
8383
8379
8375
8370
8366
8364
8360
8352
8350
8346
8344
8339
8340
8334
8332
8330
8324
8323
8321
8319
8312
8311
8311
8307
8306
8303
8304
8299
8299
8296
8296
8291
8290
8284
8284
8281
8282
8281
8275
8276
8273
8272
8270
8270
8268
8267
8264
8265
8261
8260
8256
8255
8256
8254
8255
8253
8251
8250
8250
8248
8244
8244
8247
8241
8242
8239
8242
8239
8238
8240
8237
8237
8236
8235
8233
8236
8232
8229
8233
8228
8230
8229
8229
8228
8228
8225
8224
8225
8224
8220
8224
8224
8222
8223
8222
8220
8221
8219
8219
8216
8218
8219
8216
8217
8218
8215
8217
8216
8216
8215
8213
8214
8215
8212
8213
8214
8213
8210
8213
8211
8208
8212
8211
8212
8212
8208
8210
8209
8210
8208
8211
8209
8211
8208
8206
8206
8208
8206
8207
8206
8209
8208
8208
8205
8206
8207
8204
8207
8206
8206
8204
8205
8205
8207
8204
8207
8205
8203
8204
8204
8203
8201
8203
8204
8203
8204
8200
8203
8202
8202
8202
8204
8200
8201
8203
8204
8204
8204
8204
8202
8202
8202
8203
8201
8202
8202
8201
8205
8201
8200
8201
8204
8203
8202
8200
8204
8201
8204
8201
8200
8201
8200
8204
8200
8199
8200
8202
8199
8201
8199
8202
8197
8197
8199
8201
8199
8198
8204
8199
8200
8200
8195
8200
8197
8199
8198
8200
8201
8201
8199
8203
8199
8203
8198
8199
8199
8198
8200
8199
8201
8195
8202
8200
8200
8197
8202
8197
8199
8199
8198
8201
8197
8199
8200
8198
8201
8199
8201
8200
8198
8197
8198
8202
8199
8200
8202
8199
8198
8199
8199
8200
8198
8197
8198
8201
8201
8198
8202
8200
8199
8199
8198
8202
8195
8195
8196
8196
8195
8196
8195
8196
8197
8199
8202
8206
8207
8215
8211
8207
8212
8210
8207
8204
8200
8197
8192
8197
8189
8184
8188
8184
8188
8186
8186
8192
8190
8196
8198
8199
8204
8204
8203
8205
8202
8205
8204
8203
8204
8205
8203
8205
8202
8205
8204
8203
8202
8199
8197
8196
8195
8194
8186
8190
8193
8191
8188
8194
8192
8195
8195
8197
8198
8200
8198
8204
8201
8201
8204
8205
8202
8202
8200
8200
8200
8200
8198
8198
8194
8199
8201
8198
8199
8197
8198
8200
8196
8199
8200
8198
8196
8198
8195
8195
8196
8195
8197
8197
8196
8198
8199
8195
8202
8201
8201
8203
8202
8202
8203
8198
8200
8201
8197
8198
8198
8195
8192
8195
8197
8192
8190
8193
8193
8197
8196
8208
8213
8211
8203
8212
8214
8210
8204
8203
8200
8192
8191
8185
8181
8181
8182
8177
8180
8180
8182
8188
8193
8197
8203
8209
8206
8208
8212
8210
8213
8212
8208
8211
8211
8206
8206
8204
8204
8197
8200
8200
8194
8195
8198
8195
8192
8192
8189
8189
8189
8188
8190
8196
8193
8193
8197
8194
8198
8200
8203
8203
8205
8204
8203
8203
8201
8201
8203
8206
8203
8199
8200
8201
8202
8199
8198
8195
8194
8194
8191
8193
8190
8191
8193
8191
8194
8194
8197
8200
8200
8200
8201
8204
8201
8203
8202
8200
8200
8201
8198
8200
8201
8201
8202
8201
8202
8200
8203
8203
8200
8201
8202
8198
8197
8197
8191
8196
8193
8194
8196
8192
8196
8199
8197
8198
8202
8201
8203
8203
8202
8201
8199
8197
8199
8197
8199
8199
8199
8197
8198
8201
8199
8199
8204
8203
8204
8202
8200
8198
8198
8193
8195
8193
8194
8195
8194
8194
8197
8199
8196
8200
8201
8200
8199
8201
8202
8199
8198
8200
8201
8202
8201
8201
8199
8197
8198
8200
8200
8196
8200
8201
8197
8201
8198
8198
8196
8196
8194
8198
8199
8196
8198
8201
8197
8200
8197
8200
8199
8203
8196
8201
8196
8198
8199
8202
8201
8198
8198
8202
8200
8201
8197
8200
8201
8200
8200
8197
8198
8195
8196
8197
8198
8198
8201
8200
8199
8202
8200
8200
8198
8199
8204
8200
8201
8198
8198
8198
8198
8197
8198
8198
8199
8196
8201
8197
8201
8199
8196
8198
8199
8198
8197
8199
8195
8199
8197
8197
8198
8197
8197
8198
8198
8199
8197
8198
8200
8198
8197
8197
8198
8199
8198
8200
8201
8199
8198
8202
8198
8202
8199
8200
8201
8198
8198
8197
8198
8199
8201
8201
8198
8198
8199
8204
8201
8199
8199
8200
8198
8198
8197
8199
8197
8198
8198
8197
8199
8199
8198
8200
8197
8201
8198
8197
8201
8201
8200
8203
8198
8197
8195
8200
8199
8200
8197
8197
8198
8197
8199
8200
8200
8198
8198
8199
8200
8203
8198
8199
8199
8200
8198
8198
8199
8199
8199
8199
8201
8201
8199
8199
8195
8198
8199
8200
8197
8199
8199
8200
8200
8200
8197
8202
8199
8200
8197
8199
8198
8200
8199
8202
8198
8200
8198
8197
8199
8202
8196
8200
8200
8197
8195
8196
8195
8197
8201
8202
8197
8200
8197
8197
8193
8197
8198
8197
8202
8198
8201
8198
8198
8198
8197
8197
8199
8199
8197
8200
8196
8197
8198
8199
8200
8195
8199
8200
8197
8197
8194
8198
8198
8200
8198
8199
8196
8198
8198
8201
8199
8196
8198
8198
8199
8199
8199
8202
8199
8199
8197
8199
8196
8200
8199
8200
8200
8200
8195
8198
8198
8201
8197
8200
8198
8197
8198
8199
8200
8197
8198
8199
8198
8198
8200
8199
8200
8198
8200
8197
8202
8202
8198
8200
8197
8200
8198
8198
8202
8199
8200
8200
8200
8197
8196
8201
8198
8199
8199
8199
8203
8198
8199
8200
8200
8198
8196
8201
8197
8199
8199
8202
8200
8201
8198
8199
8199
8199
8199
8197
8199
8198
8198
8199
8198
8198
8197
8196
8199
8198
8198
8199
8198
8199
8200
8199
8199
8200
8198
8198
8198
8200
8196
8201
8198
8202
8196
8198
8198
8199
8199
8199
8201
8198
8200
8199
8198
8199
8197
8197
8197
8197
8200
8202
8198
8203
8198
8197
8197
8196
8199
8198
8198
8198
8197
8199
8197
8198
8200
8197
8195
8198
8199
8196
8198
8200
8195
8200
8197
8200
8198
8199
8198
8199
8200
8200
8199
8200
8200
8200
8198
8198
8199
8201
8200
8200
8201
8199
8202
8202
8201
8199
8200
8202
8201
8201
8197
8200
8202
8198
8196
8199
8199
8197
8199
8200
8194
8198
8197
8195
8200
8195
8199
8199
8197
8199
8203
8198
8197
8195
8198
8200
8195
8201
8199
8200
8199
8202
8198
8202
8199
8199
8198
8196
8198
8199
8198
8196
8197
8198
8199
8201
8199
8196
8199
8202
8199
8200
8198
8201
8199
8195
8198
8198
8200
8198
8200
8197
8202
8198
8200
8195
8198
8197
8200
8200
8197
8197
8200
8196
8197
8199
8197
8197
8199
8201
8197
8198
8203
8198
8200
8198
8202
8202
8195
8203
8200
8196
8198
8198
8197
8198
8197
8198
8195
8198
8198
8198
8199
8199
8197
8196
8197
8202
8198
8198
8203
8200
8198
8199
8200
8200
8199
8201
8197
8200
8198
8197
8198
8200
8201
8199
8199
8200
8196
8202
8200
8197
8197
8199
8198
8197
8199
8202
8199
8199
8198
8199
8200
8197
8198
8199
8197
8199
8198
8196
8201
8197
8198
8198
8199
8199
8200
8201
8197
8198
8195
8198
8197
8199
8197
8202
8198
8200
8200
8198
8203
8203
8198
8201
8198
8196
8197
8198
8199
8198
8198
8198
8195
8200
8197
8197
8196
8198
8200
8198
8197
8198
8197
8200
8198
8199
8197
8199
8197
8199
8198
8199
8199
8197
8199
8198
8200
8197
8198
8199
8200
8197
8201
8200
8200
8201
