2050
1574821479
8169
8170
8171
8169
8168
8171
8170
8169
8168
8167
8170
8170
8170
8167
8169
8167
8171
8167
8168
8169
8170
8171
8168
8170
8168
8167
8170
8169
8168
8170
8170
8172
8170
8168
8168
8166
8167
8169
8167
8170
8172
8171
8171
8171
8172
8168
8165
8168
8167
8169
8170
8171
8168
8167
8170
8167
8171
8170
8171
8172
8170
8172
8172
8171
8168
8169
8169
8168
8168
8170
8171
8171
8167
8168
8169
8172
8172
8170
8170
8168
8171
8170
8171
8169
8166
8166
8171
8171
8169
8170
8169
8168
8171
8168
8168
8169
8171
8171
8172
8170
8172
8169
8170
8169
8173
8169
8169
8169
8168
8168
8169
8171
8170
8169
8170
8169
8170
8173
8170
8168
8171
8170
8168
8170
8171
8170
8170
8170
8172
8171
8170
8168
8165
8169
8170
8169
8168
8172
8169
8168
8170
8168
8171
8169
8172
8172
8171
8171
8171
8170
8170
8171
8169
8169
8172
8170
8168
8169
8168
8170
8168
8170
8169
8169
8171
8172
8168
8169
8169
8166
8170
8171
8169
8170
8169
8172
8169
8166
8169
8169
8168
8170
8170
8168
8170
8169
8171
8169
8168
8169
8170
8169
8168
8168
8168
8168
8169
8168
8172
8169
8167
8170
8172
8171
8171
8169
8165
8168
8169
8170
8169
8171
8167
8171
8169
8170
8168
8171
8167
8168
8169
8171
8172
8169
8169
8169
8170
8171
8170
8170
8170
8170
8168
8170
8173
8173
8169
8168
8170
8169
8169
8168
8170
8170
8167
8169
8168
8168
8170
8170
8172
8171
8170
8165
8169
8169
8167
8168
8170
8165
8168
8167
8172
8168
8171
8169
8168
8168
8168
8169
8168
8168
8170
8163
8170
8169
8166
8169
8168
8171
8169
8168
8169
8169
8168
8170
8169
8166
8169
8170
8170
8171
8165
8170
8170
8171
8169
8169
8167
8171
8171
8171
8168
8172
8170
8171
8170
8171
8171
8169
8170
8171
8169
8168
8169
8169
8170
8171
8169
8168
8168
8171
8169
8169
8170
8169
8168
8167
8168
8170
8170
8172
8171
8169
8170
8167
8170
8169
8167
8167
8166
8171
8170
8171
8169
8170
8169
8169
8171
8168
8169
8167
8166
8169
8171
8170
8171
8171
8170
8169
8170
8169
8171
8170
8170
8172
8166
8171
8170
8171
8170
8170
8170
8165
8172
8170
8169
8170
8169
8168
8170
8169
8168
8167
8171
8170
8171
8169
8168
8172
8167
8170
8171
8171
8170
8166
8169
8167
8167
8167
8168
8168
8168
8167
8169
8169
8170
8169
8170
8171
8169
8167
8171
8168
8167
8171
8169
8168
8168
8170
8168
8167
8170
8169
8170
8169
8170
8171
8171
8168
8165
8173
8170
8171
8170
8168
8171
8165
8170
8169
8165
8165
8168
8168
8167
8169
8168
8167
8168
8167
8166
8170
8168
8170
8169
8168
8171
8172
8170
8168
8167
8168
8169
8170
8167
8170
8170
8170
8173
8172
8168
8170
8169
8165
8170
8168
8168
8168
8170
8168
8168
8167
8168
8170
8168
8171
8169
8164
8170
8170
8167
8169
8171
8168
8170
8169
8168
8171
8168
8167
8171
8171
8169
8173
8170
8171
8169
8171
8172
8169
8168
8168
8170
8171
8168
8170
8170
8167
8171
8170
8168
8168
8172
8168
8167
8170
8170
8169
8170
8167
8171
8167
8171
8172
8169
8171
8170
8167
8169
8168
8170
8170
8171
8166
8169
8170
8168
8167
8169
8170
8169
8172
8166
8169
8168
8169
8169
8172
8168
8168
8169
8170
8168
8171
8168
8170
8168
8170
8170
8169
8170
8169
8169
8166
8170
8166
8168
8168
8170
8168
8169
8168
8170
8167
8171
8169
8169
8169
8169
8169
8168
8168
8169
8168
8167
8168
8166
8169
8166
8167
8167
8167
8169
8167
8169
8167
8166
8169
8170
8168
8168
8165
8171
8172
8169
8170
8168
8170
8170
8172
8169
8169
8170
8168
8167
8167
8169
8170
8170
8168
8167
8171
8170
8169
8169
8172
8170
8168
8171
8170
8171
8173
8170
8172
8166
8169
8169
8170
8170
8170
8167
8174
8169
8169
8168
8171
8168
8171
8170
8166
8171
8171
8167
8169
8171
8169
8169
8167
8171
8171
8170
8170
8168
8167
8168
8173
8168
8153
8093
7990
7835
7636
7415
7183
6946
6714
6486
6268
6060
5862
5676
5501
5333
5173
5023
4877
4743
4612
4494
4377
4275
4181
4096
4024
3964
3909
3868
3843
3831
3840
3867
3922
3990
4075
4183
4307
4446
4599
4764
4942
5125
5315
5512
5709
5906
6096
6298
6486
6675
6864
7051
7231
7410
7588
7767
7938
8116
8285
8457
8627
8797
8964
9127
9283
9431
9555
9645
9719
9774
9808
9815
9797
9734
9670
9609
9550
9498
9454
9410
9371
9334
9299
9264
9235
9204
9179
9155
9131
9105
9083
9061
9041
9023
9006
8991
8972
8957
8942
8926
8910
8899
8884
8872
8859
8844
8836
8825
8812
8801
8795
8779
8773
8766
8757
8751
8739
8731
8721
8715
8706
8699
8697
8684
8680
8672
8666
8661
8655
8648
8643
8637
8636
8629
8623
8617
8611
8608
8604
8599
8595
8589
8585
8584
8575
8574
8570
8566
8561
8559
8554
8550
8549
8542
8541
8538
8532
8533
8530
8525
8520
8519
8516
8513
8510
8506
8505
8500
8499
8494
8495
8494
8490
8488
8483
8485
8480
8479
8476
8475
8472
8468
8469
8468
8463
8464
8458
8459
8456
8453
8454
8451
8451
8451
8446
8445
8441
8441
8438
8441
8437
8435
8432
8431
8432
8428
8426
8424
8422
8423
8420
8419
8414
8418
8414
8415
8414
8411
8409
8407
8405
8406
8407
8403
8401
8403
8401
8400
8397
8400
8395
8392
8394
8392
8388
8390
8387
8387
8387
8385
8385
8387
8382
8384
8381
8379
8380
8379
8378
8376
8373
8375
8372
8372
8375
8371
8368
8370
8366
8366
8363
8364
8363
8360
8363
8361
8362
8360
8361
8353
8359
8355
8355
8355
8351
8354
8354
8352
8349
8352
8347
8349
8350
8347
8345
8343
8344
8344
8344
8340
8344
8344
8340
8339
8339
8337
8339
8337
8335
8335
8336
8334
8334
8331
8330
8329
8332
8332
8329
8330
8329
8324
8327
8324
8325
8324
8324
8324
8321
8323
8323
8320
8320
8320
8320
8319
8318
8317
8317
8312
8318
8317
8315
8313
8311
8315
8310
8309
8310
8309
8307
8307
8307
8307
8307
8303
8306
8303
8304
8304
8305
8302
8304
8298
8301
8304
8302
8299
8298
8300
8297
8299
8298
8297
8299
8296
8296
8294
8295
8293
8295
8293
8293
8291
8292
8289
8290
8290
8290
8289
8288
8289
8287
8287
8285
8285
8285
8285
8285
8287
8283
8282
8283
8285
8283
8283
8280
8280
8281
8281
8279
8280
8279
8277
8277
8279
8277
8278
8278
8276
8276
8277
8275
8277
8273
8276
8274
8273
8273
8274
8272
8272
8270
8268
8271
8271
8270
8271
8269
8266
8267
8262
8269
8265
8264
8267
8264
8266
8264
8266
8265
8261
8261
8262
8264
8260
8264
8264
8261
8259
8259
8256
8260
8258
8257
8258
8255
8258
8257
8258
8256
8255
8254
8254
8253
8253
8253
8253
8256
8253
8252
8253
8255
8256
8254
8253
8254
8251
8250
8250
8249
8248
8247
8249
8250
8251
8249
8250
8246
8248
8246
8246
8248
8244
8248
8245
8242
8243
8244
8245
8246
8244
8246
8243
8244
8243
8244
8244
8243
8243
8242
8242
8237
8240
8243
8241
8239
8238
8238
8240
8239
8237
8237
8239
8239
8239
8235
8238
8235
8236
8235
8238
8235
8237
8234
8236
8234
8235
8235
8233
8232
8233
8233
8232
8234
8232
8232
8231
8232
8231
8232
8231
8231
8229
8231
8230
8228
8228
8231
8229
8228
8232
8227
8227
8228
8226
8227
8231
8226
8225
8226
8227
8226
8227
8226
8225
8226
8226
8225
8227
8225
8227
8221
8223
8226
8223
8224
8224
8223
8220
8221
8224
8224
8221
8222
8222
8221
8217
8221
8220
8221
8223
8223
8220
8219
8221
8220
8219
8218
8217
8220
8215
8222
8218
8218
8217
8214
8219
8219
8219
8214
8219
8219
8219
8217
8219
8217
8218
8213
8215
8216
8215
8215
8216
8215
8213
8213
8216
8212
8213
8211
8212
8215
8213
8211
8212
8212
8212
8211
8214
8215
8213
8211
8213
8210
8210
8210
8212
8212
8210
8210
8211
8210
8210
8209
8210
8212
8208
8211
8208
8211
8207
8210
8206
8209
8207
8209
8208
8211
8209
8206
8207
8212
8210
8204
8206
8207
8209
8206
8207
8206
8207
8209
8205
8206
8207
8207
8206
8206
8204
8203
8207
8206
8203
8207
8205
8205
8209
8204
8205
8204
8204
8205
8203
8205
8204
8203
8204
8203
8204
8202
8201
8202
8201
8202
8202
8204
8202
8203
8203
8200
8202
8198
8202
8200
8201
8203
8202
8203
8201
8200
8202
8201
8199
8201
8201
8197
8200
8199
8199
8198
8198
8198
8197
8199
8200
8199
8197
8201
8196
8198
8198
8196
8199
8195
8195
8199
8195
8198
8195
8197
8195
8200
8194
8199
8194
8198
8199
8197
8196
8195
8194
8197
8194
8197
8193
8195
8194
8193
8194
8197
8193
8191
8194
8196
8196
8193
8193
8194
8195
8190
8192
8192
8195
8193
8193
8195
8193
8193
8194
8192
8193
8194
8191
8192
8194
8194
8192
8194
8194
8194
8191
8194
8191
8192
8190
8191
8192
8190
8188
8191
8190
8192
8192
8191
8190
8192
8194
8191
8192
8190
8194
8193
8191
8193
8187
8191
8191
8192
8191
8191
8189
8190
8190
8191
8192
8190
8188
8189
8189
8190
8188
8191
8188
8188
8185
8189
8190
8189
8188
8187
8188
8187
8189
8187
8189
8190
8189
8187
8187
8191
8186
8187
8187
8189
8186
8188
8189
8187
8189
8187
8191
8188
8187
8189
8191
8188
8186
8187
8185
8186
8188
8187
8186
8191
8184
8187
8185
8185
8186
8187
8183
8187
8184
8189
8186
8185
8185
8183
8185
8183
8183
8186
8186
8185
8187
8186
8184
8185
8182
8184
8184
8186
8185
8185
8184
8183
8184
8186
8183
8184
8185
8186
8184
8181
8187
8182
8184
8184
8181
8181
8184
8184
8184
8183
8185
8184
8184
8183
8182
8187
8181
8186
8181
8183
8186
8183
8180
8185
8184
8181
8183
8187
8181
8184
8182
8182
8185
8181
8182
8183
8185
8179
8184
8180
8180
8181
8183
8180
8183
8181
8181
8182
8180
8185
8184
8179
8182
8181
8180
8180
8183
8179
8179
8178
8179
8179
8181
8179
8180
8180
8180
8184
8181
8181
8180
8182
8181
8178
8181
8178
8180
8180
8182
8181
8181
8182
8179
8178
8183
8182
8178
8179
8179
8178
8179
8181
8177
8180
8180
8182
8181
8180
8181
8180
8178
8180
8181
8182
8180
8179
8180
8180
8182
8183
8178
8179
8178
8179
8178
8178
8180
8179
8178
8178
8180
8178
8177
8179
8179
8175
8177
8180
8179
8178
8178
8181
8175
8179
8175
8178
8178
8179
8179
8180
8179
8178
8176
8177
8177
8179
8175
8178
8178
8177
8177
8175
8177
8180
8179
8181
8178
8178
8178
8179
8179
8175
8177
8178
8177
8176
8177
8178
8177
8176
8179
8177
8179
8177
8180
8180
8176
8180
8176
8176
8172
8178
8175
8179
8176
8177
8176
8178
8177
8174
8174
8177
8178
8177
8178
8176
8177
8177
8178
8177
8179
8174
8178
8178
8179
8177
8175
8175
8179
8178
8177
8174
8178
8176
8177
8176
8176
8175
8177
8175
8177
8176
8177
8177
8176
8175
8177
8177
8176
8175
8177
8175
8175
8173
8177
8177
8175
8174
8179
8175
8175
8177
8176
8177
8176
8176
8178
8174
8176
8176
8180
8174
8175
8176
8173
8174
8176
8173
8174
8173
8174
8177
8174
8173
8173
8176
8176
8175
8175
8176
8175
8174
8175
8174
8177
8171
8176
8172
8175
8173
8173
8174
8174
8176
8174
8176
8177
8173
8174
8174
8173
8174
8175
8175
8175
8176
8174
8177
8174
8173
8175
8174
8174
8173
8176
8177
8174
8174
8174
8174
8177
8174
8176
8174
8171
8172
8177
8177
8174
8173
8174
8176
8173
8173
8174
8173
8171
8171
8172
8174
8175
8172
8178
8176
8174
8175
8175
8175
8174
8175
8173
8174
8172
8174
8172
8174
8176
8171
8174
8174
8173
8173
8174
8175
8172
8174
8175
8173
8176
8175
8173
8174
8173
8173
8172
8177
8173
8173
8175
8173
8176
8172
8173
8175
8173
8173
8175
8173
8175
8172
8172
8175
8171
8173
8173
8172
8173
8174
8172
8174
8173
8173
8170
8172
8173
8174
8171
8175
8172
8175
8175
8173
8171
8177
8175
8173
8176
8172
8170
8173
8172
8172
8173
8173
8173
8174
8173
8175
8175
8176
8171
8175
8171
8174
8173
8172
2050
1574821480
8169
8171
8170
8171
8171
8166
8168
8170
8170
8170
8172
8170
8171
8167
8169
8169
8171
8170
8169
8168
8170
8172
8168
8169
8169
8168
8168
8169
8170
8169
8172
8170
8171
8170
8168
8170
8165
8170
8170
8166
8173
8171
8173
8172
8168
8168
8171
8170
8171
8169
8170
8169
8170
8169
8171
8170
8170
8170
8170
8171
8171
8171
8169
8169
8171
8167
8168
8169
8169
8172
8171
8171
8168
8168
8168
8170
8170
8170
8170
8172
8169
8170
8170
8168
8171
8170
8169
8170
8168
8170
8170
8166
8172
8173
8169
8170
8172
8171
8170
8168
8170
8169
8172
8171
8170
8165
8170
8169
8171
8170
8172
8171
8165
8171
8167
8166
8173
8170
8171
8170
8169
8170
8171
8172
8170
8171
8171
8170
8171
8169
8170
8165
8168
8169
8170
8170
8171
8169
8171
8168
8171
8171
8166
8170
8169
8170
8167
8167
8171
8170
8169
8169
8166
8169
8170
8170
8168
8167
8172
8168
8168
8169
8170
8169
8169
8170
8172
8172
8166
8171
8167
8171
8172
8171
8171
8170
8169
8171
8168
8170
8167
8168
8168
8170
8168
8169
8169
8170
8168
8171
8170
8171
8169
8169
8170
8172
8170
8167
8170
8169
8170
8168
8170
8169
8171
8167
8171
8170
8168
8168
8172
8169
8170
8171
8173
8170
8170
8168
8169
8168
8173
8171
8169
8170
8168
8169
8168
8170
8169
8170
8172
8167
8167
8169
8170
8170
8170
8168
8168
8170
8172
8170
8169
8169
8170
8167
8168
8168
8167
8170
8170
8169
8169
8172
8171
8170
8170
8168
8172
8168
8171
8172
8171
8170
8169
8168
8168
8171
8169
8170
8171
8168
8171
8170
8169
8172
8169
8168
8171
8170
8170
8171
8170
8173
8173
8171
8171
8169
8169
8173
8167
8169
8170
8167
8170
8170
8172
8170
8169
8167
8170
8170
8168
8170
8169
8169
8168
8169
8167
8172
8172
8170
8172
8167
8171
8172
8172
8170
8170
8168
8170
8170
8170
8169
8168
8171
8171
8171
8168
8170
8171
8173
8172
8169
8171
8170
8169
8170
8168
8170
8171
8167
8170
8170
8169
8169
8170
8169
8169
8172
8170
8170
8171
8169
8169
8171
8172
8169
8170
8165
8168
8172
8171
8169
8172
8169
8170
8167
8170
8171
8175
8168
8170
8170
8170
8168
8172
8169
8169
8169
8167
8171
8171
8170
8170
8166
8166
8170
8169
8171
8169
8170
8168
8165
8169
8169
8168
8168
8168
8170
8170
8170
8168
8170
8170
8170
8173
8172
8171
8171
8172
8168
8171
8167
8169
8168
8172
8170
8166
8168
8170
8164
8168
8169
8166
8171
8171
8169
8170
8170
8171
8168
8166
8173
8168
8170
8169
8170
8171
8170
8170
8171
8167
8170
8168
8168
8170
8171
8170
8169
8169
8168
8170
8171
8169
8167
8169
8170
8168
8170
8172
8169
8168
8168
8169
8167
8168
8169
8169
8170
8169
8170
8172
8167
8168
8169
8170
8170
8172
8173
8171
8171
8170
8169
8169
8170
8168
8168
8172
8170
8168
8167
8170
8169
8169
8170
8172
8169
8172
8170
8171
8167
8168
8169
8168
8170
8171
8169
8170
8171
8167
8171
8169
8172
8172
8171
8173
8169
8172
8170
8174
8171
8171
8171
8171
8167
8171
8168
8168
8174
8171
8167
8170
8168
8169
8170
8170
8171
8168
8170
8169
8170
8169
8172
8170
8169
8170
8170
8169
8172
8172
8165
8172
8170
8170
8171
8168
8168
8169
8172
8173
8172
8170
8168
8171
8168
8175
8169
8171
8169
8170
8171
8169
8169
8169
8171
8169
8170
8169
8171
8171
8171
8171
8170
8164
8171
8171
8172
8170
8169
8170
8164
8168
8169
8170
8169
8167
8168
8171
8170
8170
8169
8170
8170
8172
8168
8171
8169
8168
8171
8171
8166
8170
8171
8171
8169
8170
8171
8166
8168
8168
8168
8166
8172
8168
8167
8171
8170
8170
8170
8164
8171
8167
8171
8169
8172
8170
8168
8168
8168
8171
8173
8171
8173
8170
8170
8170
8170
8169
8170
8174
8168
8169
8171
8170
8169
8170
8171
8169
8171
8165
8171
8171
8174
8173
8171
8167
8170
8169
8171
8170
8168
8170
8169
8169
8169
8165
8167
8136
8061
7940
7770
7555
7330
7092
6859
6625
6401
6185
5980
5790
5606
5431
5269
5109
4967
4824
4692
4563
4445
4335
4237
4143
4064
3995
3938
3894
3857
3836
3835
3855
3894
3953
4030
4126
4237
4366
4506
4665
4832
5011
5197
5384
5575
5768
5964
6153
6343
6537
6724
6911
7091
7276
7454
7632
7807
7984
8157
8335
8505
8678
8845
9013
9181
9333
9478
9591
9677
9742
9793
9820
9820
9787
9716
9651
9593
9541
9487
9443
9402
9363
9323
9292
9261
9227
9202
9175
9151
9125
9103
9081
9060
9041
9023
9003
8987
8968
8952
8938
8922
8908
8895
8885
8869
8861
8846
8834
8824
8813
8801
8795
8784
8773
8766
8755
8747
8735
8727
8721
8715
8710
8701
8696
8687
8681
8675
8669
8660
8654
8649
8642
8635
8637
8627
8626
8617
8612
8608
8602
8603
8594
8591
8586
8579
8581
8572
8569
8564
8563
8556
8554
8552
8548
8543
8540
8537
8534
8531
8531
8525
8523
8518
8516
8514
8508
8508
8507
8505
8499
8497
8496
8490
8491
8490
8484
8485
8483
8482
8478
8475
8475
8473
8469
8467
8466
8461
8463
8459
8457
8456
8454
8451
8448
8448
8447
8446
8444
8444
8438
8442
8440
8436
8434
8434
8429
8428
8430
8423
8425
8427
8423
8418
8416
8418
8416
8417
8415
8412
8410
8408
8408
8410
8405
8404
8403
8403
8401
8400
8399
8399
8398
8397
8393
8392
8391
8391
8392
8391
8389
8388
8387
8387
8383
8382
8381
8382
8378
8379
8376
8374
8375
8375
8377
8370
8373
8371
8370
8369
8370
8368
8369
8366
8368
8364
8361
8360
8361
8360
8361
8360
8357
8356
8354
8356
8357
8355
8351
8354
8349
8350
8349
8348
8349
8347
8348
8347
8345
8346
8344
8345
8343
8341
8341
8338
8338
8339
8335
8336
8333
8336
8335
8335
8334
8333
8332
8331
8331
8332
8328
8330
8329
8327
8325
8327
8327
8324
8324
8325
8326
8323
8321
8322
8321
8319
8320
8316
8316
8317
8316
8317
8314
8314
8312
8315
8312
8313
8313
8313
8313
8310
8310
8310
8309
8306
8306
8307
8306
8307
8306
8306
8305
8304
8302
8301
8301
8302
8301
8301
8303
8296
8296
8297
8299
8296
8295
8294
8296
8294
8295
8297
8295
8292
8291
8290
8294
8291
8295
8289
8291
8289
8290
8288
8287
8287
8290
8286
8285
8287
8288
8285
8288
8284
8283
8282
8282
8283
8282
8282
8282
8281
8282
8277
8279
8279
8279
8280
8274
8278
8276
8278
8277
8276
8274
8275
8275
8274
8271
8273
8273
8274
8274
8274
8270
8274
8272
8267
8271
8269
8268
8267
8268
8267
8265
8266
8267
8264
8266
8266
8263
8265
8266
8263
8263
8266
8262
8261
8262
8259
8260
8261
8260
8262
8258
8261
8257
8258
8257
8257
8258
8260
8258
8259
8254
8255
8256
8257
8256
8255
8253
8252
8258
8252
8254
8253
8252
8254
8255
8251
8251
8251
8252
8250
8252
8252
8250
8247
8250
8246
8248
8248
8251
8246
8247
8244
8245
8242
8249
8246
8248
8247
8245
8247
8244
8248
8244
8245
8244
8241
8242
8240
8244
8245
8240
8241
8240
8243
8242
8241
8241
8238
8243
8243
8240
8238
8240
8237
8236
8236
8237
8237
8239
8236
8237
8237
8237
8235
8232
8235
8235
8236
8235
8232
8232
8235
8231
8234
8233
8232
8234
8232
8232
8232
8233
8233
8230
8231
8232
8231
8230
8230
8231
8230
8228
8232
8227
8229
8226
8227
8228
8228
8232
8229
8224
8225
8228
8227
8229
8223
8224
8224
8227
8226
8222
8224
8223
8225
8226
8224
8225
8221
8224
8220
8220
8223
8220
8221
8221
8222
8220
8223
8219
8220
8221
8219
8220
8219
8220
8221
8219
8220
8219
8220
8217
8218
8219
8218
8217
8218
8218
8217
8218
8218
8217
8216
8213
8220
8216
8218
8215
8219
8218
8217
8216
8219
8213
8214
8215
8217
8213
8214
8212
8216
8214
8210
8214
8213
8214
8212
8213
8214
8215
8208
8210
8210
8211
8210
8212
8214
8213
8213
8213
8213
8210
8211
8212
8211
8212
8210
8212
8210
8210
8210
8208
8209
8208
8207
8209
8210
8210
8210
8210
8206
8205
8208
8206
8208
8209
8209
8210
8206
8205
8207
8206
8205
8207
8206
8205
8209
8204
8206
8208
8206
8205
8206
8205
8206
8204
8204
8206
8203
8205
8207
8204
8204
8204
8203
8205
8205
8202
8201
8206
8203
8206
8202
8201
8203
8201
8201
8200
8202
8203
8205
8203
8202
8202
8201
8199
8199
8203
8200
8200
8200
8200
8201
8199
8202
8200
8202
8202
8199
8202
8199
8199
8199
8200
8199
8198
8199
8197
8200
8197
8199
8200
8198
8201
8199
8197
8197
8198
8197
8198
8197
8197
8196
8199
8199
8198
8198
8198
8197
8196
8197
8193
8199
8193
8199
8197
8196
8194
8194
8196
8195
8193
8194
8194
8197
8195
8194
8193
8194
8193
8195
8193
8194
8193
8190
8194
8193
8193
8192
8191
8194
8193
8192
8194
8191
8190
8193
8192
8193
8194
8192
8194
8192
8191
8194
8192
8193
8194
8194
8192
8194
8191
8191
8193
8193
8189
8190
8193
8193
8189
8190
8188
8192
8192
8189
8190
8190
8191
8188
8189
8189
8192
8189
8190
8191
8191
8190
8188
8192
8190
8187
8189
8190
8188
8192
8192
8191
8187
8188
8192
8190
8190
8187
8189
8192
8190
8188
8188
8192
8186
8188
8187
8189
8186
8188
8185
8190
8190
8191
8187
8188
8187
8189
8189
8190
8189
8189
8188
8187
8188
8189
8190
8189
8188
8187
8189
8186
8186
8185
8187
8184
8186
8187
8187
8187
8187
8186
8187
8186
8188
8186
8187
8184
8186
8186
8184
8185
8189
8181
8185
8184
8185
8185
8185
8184
8189
8190
8184
8185
8187
8182
8183
8185
8186
8185
8187
8185
8181
8183
8186
8187
8182
8183
8184
8184
8185
8186
8184
8181
8185
8186
8181
8187
8184
8183
8186
8184
8180
8185
8184
8184
8182
8186
8183
8183
8183
8183
8182
8182
8181
8184
8183
8181
8185
8182
8186
8185
8181
8184
8182
8183
8181
8184
8183
8183
8180
8181
8181
8185
8179
8179
8182
8185
8182
8180
8181
8182
8182
8179
8180
8180
8182
8184
8185
8180
8183
8182
8179
8179
8181
8183
8183
8183
8183
8183
8183
8182
8181
8179
8182
8182
8181
8181
8181
8179
8178
8179
8180
8178
8181
8182
8178
8181
8181
8180
8179
8180
8181
8183
8182
8181
8179
8179
8177
8178
8179
8183
8179
8181
8179
8181
8180
8178
8180
8180
8181
8182
8177
8180
8179
8180
8179
8181
8180
8178
8177
8181
8178
8180
8179
8180
8180
8180
8175
8177
8177
8177
8179
8176
8179
8179
8180
8178
8176
8177
8177
8177
8177
8176
8178
8179
8179
8179
8179
8177
8181
8176
8178
8179
8176
8179
8178
8178
8180
8176
8178
8172
8178
8179
8180
8178
8178
8175
8175
8176
8178
8176
8178
8179
8178
8177
8176
8175
8177
8179
8177
8180
8179
8178
8177
8178
8178
8178
8177
8176
8179
8177
8175
8176
8178
8178
8178
8174
8175
8177
8179
8177
8175
8179
8175
8178
8177
8176
8175
8174
8178
8176
8176
8174
8176
8176
8176
8178
8177
8176
8177
8174
8176
8176
8177
8176
8175
8177
8173
8173
8174
8176
8177
8176
8176
8174
8180
8175
8176
8174
8177
8176
8176
8174
8177
8174
8179
8178
8174
8176
8178
8174
8176
8174
8178
8174
8173
8176
8175
8173
8177
8174
8176
8174
8173
8173
8175
8176
8175
8174
8174
8173
8174
8175
8174
8176
8173
8175
8176
8175
8172
8172
8174
8174
8177
8177
8174
8178
8174
8174
8176
8175
8178
8175
8174
8172
8175
8172
8174
8175
8176
8175
8174
8177
8176
8174
8172
8175
8174
8174
8175
8173
8176
8176
8174
8173
8173
8175
8174
8173
8175
8176
8176
8172
8173
8174
8176
8174
8173
8176
8173
8174
8172
8177
8172
8173
8175
8175
8173
8173
8176
8176
8175
8172
8172
8180
8175
8173
8171
8175
8173
8175
8177
8173
8174
8175
8173
8176
8171
8174
8173
8173
8173
8173
8173
8174
8174
8177
8171
8170
8173
8176
8172
8171
8176
8173
8178
8171
8172
8174
8172
8173
8173
8174
8176
8172
8170
8175
8172
8173
8171
8173
8171
8172
8176
8174
8174
8176
8171
8172
8171
8172
8173
8173
8174
8173
8173
8171
8174
8172
8173
8172
8173
8172
2050
1574821481
8169
8168
8167
8174
8169
8166
8168
8167
8171
8171
8171
8168
8171
8170
8170
8167
8169
8170
8170
8172
8171
8172
8170
8170
8171
8170
8173
8169
8167
8169
8171
8169
8174
8168
8170
8167
8168
8170
8169
8171
8170
8172
8170
8170
8171
8168
8171
8165
8167
8171
8170
8171
8170
8169
8168
8172
8168
8171
8171
8171
8171
8170
8168
8169
8170
8168
8169
8171
8173
8172
8170
8170
8169
8169
8172
8169
8171
8170
8169
8172
8172
8171
8170
8171
8169
8166
8170
8169
8170
8170
8168
8170
8170
8170
8170
8172
8171
8171
8170
8168
8172
8171
8166
8171
8170
8173
8170
8168
8168
8170
8170
8168
8171
8170
8168
8171
8172
8171
8172
8169
8171
8168
8169
8170
8170
8170
8172
8173
8173
8170
8168
8170
8170
8168
8170
8169
8171
8171
8169
8167
8171
8172
8168
8170
8170
8171
8169
8168
8169
8170
8170
8170
8168
8168
8171
8171
8173
8171
8171
8169
8168
8169
8167
8166
8171
8169
8171
8170
8169
8167
8167
8171
8167
8169
8168
8169
8170
8169
8170
8168
8170
8170
8170
8169
8168
8170
8170
8170
8170
8172
8171
8172
8174
8171
8171
8172
8170
8170
8171
8168
8171
8171
8171
8175
8171
8173
8169
8169
8168
8171
8171
8168
8170
8170
8170
8168
8169
8169
8170
8171
8174
8169
8173
8170
8172
8171
8170
8170
8170
8170
8165
8171
8169
8171
8170
8169
8170
8171
8171
8173
8172
8168
8170
8167
8171
8168
8170
8170
8171
8171
8170
8169
8169
8174
8169
8168
8170
8171
8169
8171
8171
8171
8170
8171
8170
8171
8168
8168
8170
8176
8172
8171
8168
8171
8169
8172
8174
8172
8172
8173
8167
8169
8171
8171
8170
8170
8171
8168
8168
8169
8170
8169
8173
8172
8170
8171
8169
8173
8170
8169
8171
8171
8169
8168
8170
8171
8171
8170
8173
8170
8171
8169
8168
8171
8167
8169
8171
8171
8173
8172
8172
8173
8172
8172
8169
8167
8171
8170
8173
8169
8172
8168
8171
8171
8171
8171
8173
8169
8170
8170
8171
8171
8171
8169
8170
8169
8170
8169
8168
8170
8172
8169
8170
8170
8170
8170
8171
8170
8169
8171
8170
8171
8171
8171
8171
8171
8170
8174
8172
8168
8170
8171
8174
8171
8173
8171
8171
8171
8171
8171
8172
8169
8171
8170
8168
8169
8169
8171
8169
8169
8171
8171
8171
8174
8169
8170
8171
8168
8169
8171
8172
8171
8171
8172
8170
8171
8168
8170
8174
8169
8170
8170
8170
8168
8170
8169
8171
8173
8170
8171
8170
8169
8169
8170
8167
8171
8169
8171
8171
8171
8167
8171
8171
8170
8171
8168
8172
8171
8173
8168
8171
8171
8171
8171
8170
8172
8174
8168
8171
8173
8170
8169
8172
8170
8170
8170
8173
8167
8175
8169
8171
8172
8171
8171
8169
8171
8171
8172
8172
8172
8170
8169
8172
8172
8170
8171
8170
8168
8172
8172
8171
8171
8171
8171
8169
8171
8172
8170
8173
8170
8172
8169
8170
8171
8173
8169
8173
8168
8169
8171
8170
8169
8167
8167
8171
8170
8171
8173
8170
8173
8169
8169
8168
8172
8172
8172
8171
8169
8168
8169
8170
8170
8170
8171
8170
8168
8171
8171
8173
8171
8168
8171
8171
8171
8173
8171
8171
8171
8171
8171
8167
8175
8171
8168
8171
8168
8171
8171
8170
8170
8171
8169
8171
8171
8171
8170
8171
8168
8170
8171
8172
8170
8173
8172
8169
8170
8170
8166
8170
8171
8169
8169
8168
8171
8169
8171
8171
8170
8169
8170
8170
8170
8174
8172
8171
8170
8171
8171
8169
8170
8167
8170
8170
8172
8173
8171
8171
8171
8170
8171
8171
8168
8170
8170
8172
8172
8169
8171
8169
8173
8171
8172
8171
8170
8171
8171
8170
8170
8169
8171
8169
8172
8170
8170
8170
8171
8168
8170
8169
8173
8171
8169
8169
8169
8171
8170
8171
8170
8170
8170
8168
8170
8170
8168
8172
8170
8172
8171
8170
8168
8172
8172
8168
8172
8168
8168
8166
8170
8170
8171
8171
8172
8170
8173
8172
8169
8172
8170
8172
8172
8170
8171
8172
8171
8169
8169
8149
8077
7964
7795
7589
7358
7122
6887
6654
6428
6207
6001
5810
5622
5446
5281
5121
4974
4835
4699
4569
4446
4335
4236
4144
4062
3997
3938
3887
3846
3817
3798
3804
3829
3876
3938
4022
4123
4242
4377
4526
4680
4857
5037
5226
5417
5607
5806
5997
6194
6387
6578
6767
6956
7141
7318
7504
7679
7856
8035
8209
8385
8556
8731
8896
9065
9230
9381
9523
9631
9717
9785
9824
9850
9847
9803
9734
9668
9612
9555
9501
9461
9420
9378
9340
9307
9273
9246
9216
9189
9166
9141
9118
9094
9077
9053
9033
9018
9000
8984
8962
8950
8937
8924
8911
8894
8884
8868
8860
8848
8834
8825
8816
8805
8795
8783
8777
8768
8759
8749
8738
8733
8725
8717
8712
8704
8696
8692
8683
8675
8674
8666
8661
8656
8648
8643
8635
8631
8629
8623
8619
8613
8608
8603
8599
8595
8591
8588
8581
8580
8573
8573
8565
8562
8562
8552
8553
8550
8547
8541
8539
8536
8533
8531
8530
8525
8525
8520
8516
8516
8514
8507
8505
8500
8500
8499
8499
8495
8492
8491
8491
8484
8484
8483
8479
8479
8473
8467
8472
8468
8466
8461
8462
8460
8459
8457
8457
8452
8452
8450
8450
8444
8445
8442
8445
8440
8439
8439
8437
8433
8434
8432
8431
8429
8424
8425
8419
8423
8423
8422
8421
8417
8417
8414
8415
8412
8411
8409
8408
8407
8405
8406
8406
8403
8401
8399
8399
8395
8395
8396
8394
8395
8392
8394
8391
8392
8389
8388
8388
8382
8384
8382
8379
8383
8380
8379
8376
8377
8379
8377
8373
8374
8373
8371
8370
8372
8368
8370
8368
8367
8366
8362
8364
8364
8365
8360
8357
8358
8361
8358
8356
8355
8355
8353
8353
8356
8353
8352
8351
8349
8348
8351
8347
8348
8346
8346
8342
8340
8344
8343
8342
8340
8338
8339
8337
8337
8338
8337
8334
8337
8335
8333
8333
8333
8333
8330
8331
8330
8327
8328
8329
8326
8327
8328
8325
8322
8323
8324
8323
8322
8324
8321
8317
8320
8319
8320
8316
8320
8316
8316
8315
8316
8315
8313
8311
8311
8312
8312
8308
8312
8308
8307
8309
8306
8305
8308
8306
8306
8305
8303
8304
8301
8302
8301
8301
8302
8299
8301
8298
8300
8300
8299
8299
8298
8296
8294
8294
8295
8295
8294
8291
8295
8291
8291
8290
8292
8290
8290
8289
8288
8290
8288
8289
8289
8288
8287
8285
8285
8285
8284
8283
8285
8285
8283
8282
8283
8281
8283
8281
8283
8283
8281
8280
8278
8275
8278
8277
8281
8276
8274
8276
8278
8279
8276
8275
8273
8273
8271
8271
8271
8273
8270
8271
8271
8270
8268
8268
8268
8270
8269
8269
8266
8266
8266
8267
8264
8264
8266
8267
8261
8265
8264
8260
8263
8265
8262
8261
8263
8260
8261
8260
8262
8260
8259
8259
8258
8259
8258
8257
8256
8254
8258
8256
8254
8255
8255
8257
8255
8255
8253
8252
8253
8251
8252
8253
8252
8250
8252
8250
8253
8253
8253
8249
8247
8249
8250
8248
8248
8249
8247
8246
8247
8249
8245
8245
8245
8246
8245
8244
8246
8245
8248
8243
8242
8246
8242
8243
8243
8245
8241
8242
8240
8242
8244
8242
8241
8242
8242
8239
8239
8237
8242
8236
8237
8236
8238
8239
8242
8238
8239
8236
8237
8238
8236
8237
8237
8235
8234
8233
8235
8235
8236
8231
8235
8235
8232
8235
8233
8231
8233
8233
8230
8233
8233
8231
8230
8230
8230
8230
8231
8229
8230
8226
8226
8229
8227
8227
8226
8227
8227
8227
8229
8225
8226
8226
8226
8226
8225
8223
8225
8225
8222
8224
8227
8226
8224
8223
8224
8220
8225
8224
8222
8219
8220
8221
8223
8223
8225
8222
8222
8223
8221
8218
8220
8221
8217
8218
8220
8222
8221
8219
8218
8219
8218
8218
8219
8219
8218
8217
8214
8219
8214
8215
8217
8217
8218
8216
8214
8215
8216
8216
8218
8214
8217
8214
8217
8215
8216
8215
8215
8216
8214
8215
8214
8214
8210
8212
8211
8212
8216
8211
8213
8212
8213
8213
8212
8211
8211
8211
8207
8211
8211
8211
8209
8207
8208
8212
8212
8207
8210
8210
8210
8209
8209
8211
8207
8211
8207
8207
8207
8211
8211
8210
8208
8209
8209
8210
8208
8207
8208
8206
8208
8209
8207
8204
8208
8209
8210
8206
8205
8208
8206
8208
8210
8205
8203
8205
8205
8205
8204
8209
8203
8208
8204
8204
8203
8200
8203
8202
8202
8203
8205
8202
8203
8201
8201
8200
8202
8202
8202
8203
8200
8200
8198
8202
8204
8203
8201
8202
8198
8202
8199
8198
8203
8200
8202
8201
8200
8200
8201
8201
8200
8197
8200
8197
8197
8199
8201
8198
8200
8198
8197
8198
8198
8198
8200
8195
8198
8197
8198
8201
8195
8197
8199
8195
8195
8197
8196
8193
8197
8197
8197
8199
8196
8197
8194
8199
8194
8196
8196
8193
8194
8195
8195
8196
8197
8194
8197
8196
8194
8196
8194
8197
8197
8192
8194
8193
8195
8191
8194
8193
8192
8193
8195
8194
8194
8194
8193
8195
8195
8193
8192
8192
8191
8193
8194
8192
8193
8190
8191
8192
8192
8193
8194
8189
8192
8189
8192
8189
8192
8189
8193
8188
8192
8192
8191
8191
8193
8193
8191
8190
8190
8192
8187
8187
8189
8188
8193
8191
8191
8193
8189
8188
8189
8189
8190
8187
8190
8191
8188
8190
8189
8189
8189
8187
8191
8187
8191
8189
8187
8187
8186
8187
8187
8189
8187
8187
8186
8188
8187
8187
8189
8188
8186
8185
8186
8190
8187
8186
8188
8188
8188
8187
8187
8187
8188
8186
8188
8188
8187
8188
8186
8184
8190
8185
8186
8187
8187
8187
8188
8185
8187
8185
8185
8188
8184
8183
8185
8187
8188
8187
8184
8182
8183
8184
8184
8187
8186
8184
8187
8187
8183
8184
8187
8184
8181
8186
8183
8184
8184
8185
8184
8182
8185
8186
8185
8185
8185
8181
8186
8185
8184
8185
8185
8187
8185
8186
8183
8184
8185
8182
8186
8184
8184
8183
8183
8185
8186
8183
8183
8181
8185
8184
8181
8184
8185
8180
8182
8184
8184
8184
8180
8182
8181
8183
8185
8182
8181
8181
8181
8179
8178
8183
8179
8180
8184
8180
8180
8178
8182
8182
8182
8182
8180
8181
8183
8185
8183
8181
8183
8185
8181
8180
8180
8181
8177
8184
8181
8180
8183
8181
8180
8179
8184
8182
8183
8180
8180
8182
8180
8181
8178
8180
8179
8186
8182
8184
8180
8178
8179
8181
8181
8181
8178
8181
8178
8177
8180
8178
8175
8178
8179
8179
8179
8179
8181
8179
8181
8180
8181
8180
8179
8178
8177
8181
8179
8181
8181
8180
8178
8182
8178
8178
8181
8178
8178
8181
8179
8179
8179
8178
8178
8178
8179
8179
8179
8183
8178
8177
8179
8177
8177
8179
8179
8178
8179
8176
8179
8181
8178
8179
8178
8179
8180
8176
8176
8177
8180
8177
8176
8178
8176
8177
8174
8177
8179
8177
8179
8178
8179
8177
8178
8177
8178
8179
8179
8180
8180
8176
8177
8176
8180
8174
8179
8174
8174
8175
8178
8177
8177
8179
8178
8175
8176
8175
8174
8176
8176
8177
8175
8178
8175
8177
8177
8178
8174
8175
8179
8177
8175
8176
8177
8175
8175
8176
8178
8178
8177
8177
8175
8178
8178
8176
8175
8176
8175
8174
8175
8178
8175
8178
8175
8173
8175
8176
8176
8177
8176
8176
8174
8177
8178
8174
8176
8176
8175
8173
8177
8172
8176
8175
8173
8175
8177
8175
8174
8171
8175
8175
8175
8177
8175
8176
8176
8177
8175
8178
8173
8177
8177
8173
8175
8175
8177
8176
8176
8176
8175
8176
8175
8174
8175
8173
8173
8176
8173
8175
8176
8177
8177
8174
8175
8175
8175
8174
8173
8176
8175
8176
8173
8173
8177
8174
8174
8177
8176
8177
8176
8177
8174
8172
8173
8174
8172
8177
8173
8172
8175
8176
8172
8174
8173
8172
8177
8172
8178
8173
8175
8173
8173
8176
8174
8176
8173
8173
8173
8172
8174
8174
8172
8175
8173
8175
8177
8174
8174
8173
8174
8173
8173
8177
8175
8174
8176
8176
8175
8173
8175
8174
8174
8173
8177
8172
8176
8174
8171
8175
8176
8174
8177
8172
8174
8175
8173
8172
8171
8175
8175
8171
8172
8172
8173
8172
8171
8173
8174
8173
8174
8173
8176
8174
8172
8172
8171
8177
8174
8172
8174
8171
8172
8173
8173
8174
8173
